-3.605957031250000000e-01 -1.032226562500000000e+00 1.000000000000000000e+00
2.181640625000000000e+00 2.934570312500000000e-01 1.000000000000000000e+00
5.878906250000000000e-01 8.315429687500000000e-01 1.000000000000000000e+00
1.661132812500000000e+00 -3.342285156250000000e-01 1.000000000000000000e+00
-2.017578125000000000e+00 -1.924804687500000000e+00 1.000000000000000000e+00
-4.958496093750000000e-01 -5.898437500000000000e-01 1.000000000000000000e+00
4.011230468750000000e-01 2.491455078125000000e-01 1.000000000000000000e+00
-2.250976562500000000e-01 -7.324218750000000000e-01 1.000000000000000000e+00
3.105468750000000000e+00 -8.911132812500000000e-02 1.000000000000000000e+00
1.419921875000000000e+00 -1.009521484375000000e-01 1.000000000000000000e+00
-6.311035156250000000e-02 -2.414062500000000000e+00 1.000000000000000000e+00
-8.842773437500000000e-01 5.273437500000000000e-01 1.000000000000000000e+00
4.353027343750000000e-01 1.848144531250000000e-01 1.000000000000000000e+00
1.267089843750000000e-01 1.048583984375000000e-01 1.000000000000000000e+00
-1.402343750000000000e+00 1.933593750000000000e+00 1.000000000000000000e+00
8.905029296875000000e-02 2.695312500000000000e-01 1.000000000000000000e+00
1.091003417968750000e-02 3.851318359375000000e-02 1.000000000000000000e+00
7.905273437500000000e-01 5.864257812500000000e-01 1.000000000000000000e+00
-5.429687500000000000e-01 -2.373046875000000000e+00 1.000000000000000000e+00
-1.561523437500000000e+00 -1.502929687500000000e+00 1.000000000000000000e+00
-1.087646484375000000e-01 5.380859375000000000e-01 1.000000000000000000e+00
1.326904296875000000e-01 -6.318359375000000000e-01 1.000000000000000000e+00
-7.348632812500000000e-02 -1.549804687500000000e+00 1.000000000000000000e+00
-1.882812500000000000e+00 -1.989257812500000000e+00 1.000000000000000000e+00
9.086608886718750000e-03 1.896484375000000000e+00 1.000000000000000000e+00
8.725585937500000000e-01 -1.138916015625000000e-01 1.000000000000000000e+00
-6.166992187500000000e-01 4.095458984375000000e-02 1.000000000000000000e+00
3.447265625000000000e-01 -6.435546875000000000e-01 1.000000000000000000e+00
1.706054687500000000e+00 -7.700195312500000000e-01 1.000000000000000000e+00
8.984375000000000000e-01 -5.302734375000000000e-01 1.000000000000000000e+00
-7.602539062500000000e-01 -2.292480468750000000e-01 1.000000000000000000e+00
7.333984375000000000e-01 7.368164062500000000e-01 1.000000000000000000e+00
2.272949218750000000e-01 1.918945312500000000e+00 1.000000000000000000e+00
1.262695312500000000e+00 6.264648437500000000e-01 1.000000000000000000e+00
6.152343750000000000e-01 -1.900390625000000000e+00 1.000000000000000000e+00
2.751953125000000000e+00 -1.560546875000000000e+00 1.000000000000000000e+00
-1.409912109375000000e-01 2.345703125000000000e+00 1.000000000000000000e+00
-1.073608398437500000e-01 -1.359375000000000000e+00 1.000000000000000000e+00
-4.895019531250000000e-01 7.475585937500000000e-01 1.000000000000000000e+00
1.778320312500000000e+00 9.365234375000000000e-01 1.000000000000000000e+00
2.425781250000000000e+00 1.137695312500000000e+00 1.000000000000000000e+00
-2.761230468750000000e-01 -2.543945312500000000e-01 1.000000000000000000e+00
1.443359375000000000e+00 1.989257812500000000e+00 1.000000000000000000e+00
4.814453125000000000e-01 -8.095703125000000000e-01 1.000000000000000000e+00
-4.477539062500000000e-01 -7.265625000000000000e-01 1.000000000000000000e+00
-5.766601562500000000e-01 4.245605468750000000e-01 1.000000000000000000e+00
-3.095703125000000000e-01 1.013671875000000000e+00 1.000000000000000000e+00
1.008789062500000000e+00 -1.696289062500000000e+00 1.000000000000000000e+00
1.465820312500000000e+00 -5.112304687500000000e-01 1.000000000000000000e+00
1.045898437500000000e+00 2.835937500000000000e+00 1.000000000000000000e+00
1.878906250000000000e+00 -9.716796875000000000e-01 1.000000000000000000e+00
-5.590820312500000000e-01 9.389648437500000000e-01 1.000000000000000000e+00
6.137695312500000000e-01 -2.980957031250000000e-01 1.000000000000000000e+00
-2.005859375000000000e+00 -6.420898437500000000e-01 1.000000000000000000e+00
-2.785156250000000000e+00 1.642578125000000000e+00 1.000000000000000000e+00
1.685546875000000000e+00 -3.588867187500000000e-01 1.000000000000000000e+00
4.731445312500000000e-01 1.679687500000000000e+00 1.000000000000000000e+00
-8.720703125000000000e-01 -9.448242187500000000e-01 1.000000000000000000e+00
-6.416015625000000000e-01 -1.341796875000000000e+00 1.000000000000000000e+00
8.212890625000000000e-01 2.382812500000000000e+00 1.000000000000000000e+00
-4.963378906250000000e-01 -1.216796875000000000e+00 1.000000000000000000e+00
2.523437500000000000e+00 1.517578125000000000e+00 1.000000000000000000e+00
1.825195312500000000e+00 -6.030273437500000000e-01 1.000000000000000000e+00
1.000366210937500000e-01 1.127929687500000000e+00 1.000000000000000000e+00
3.293457031250000000e-01 7.988281250000000000e-01 1.000000000000000000e+00
-5.693359375000000000e-01 -1.380859375000000000e+00 1.000000000000000000e+00
-1.314453125000000000e+00 2.374267578125000000e-01 1.000000000000000000e+00
4.299316406250000000e-01 2.414550781250000000e-01 1.000000000000000000e+00
1.628906250000000000e+00 -1.003906250000000000e+00 1.000000000000000000e+00
-1.083984375000000000e+00 7.070312500000000000e-01 1.000000000000000000e+00
-7.626953125000000000e-01 -9.277343750000000000e-01 1.000000000000000000e+00
9.951171875000000000e-01 2.023437500000000000e+00 1.000000000000000000e+00
1.650390625000000000e+00 -2.675781250000000000e-01 1.000000000000000000e+00
-4.384765625000000000e-01 3.630371093750000000e-01 1.000000000000000000e+00
-4.011230468750000000e-01 3.310546875000000000e-01 1.000000000000000000e+00
1.109375000000000000e+00 -4.172363281250000000e-01 1.000000000000000000e+00
1.238281250000000000e+00 -3.039550781250000000e-01 1.000000000000000000e+00
6.791992187500000000e-01 4.262695312500000000e-01 1.000000000000000000e+00
-4.140625000000000000e-01 2.283203125000000000e+00 1.000000000000000000e+00
4.313964843750000000e-01 -3.187500000000000000e+00 1.000000000000000000e+00
1.550781250000000000e+00 1.647460937500000000e+00 1.000000000000000000e+00
-7.685546875000000000e-01 -2.005859375000000000e+00 1.000000000000000000e+00
6.899414062500000000e-01 8.359375000000000000e-01 1.000000000000000000e+00
1.487304687500000000e+00 -3.168945312500000000e-01 1.000000000000000000e+00
-1.821289062500000000e+00 2.498779296875000000e-01 1.000000000000000000e+00
2.346191406250000000e-01 6.616210937500000000e-01 1.000000000000000000e+00
-2.517089843750000000e-01 4.711914062500000000e-01 1.000000000000000000e+00
1.328125000000000000e+00 -1.261718750000000000e+00 1.000000000000000000e+00
1.262207031250000000e-01 -4.765625000000000000e-01 1.000000000000000000e+00
1.095703125000000000e+00 -1.560546875000000000e+00 1.000000000000000000e+00
-1.454101562500000000e+00 2.985839843750000000e-01 1.000000000000000000e+00
9.379882812500000000e-01 -1.919921875000000000e+00 1.000000000000000000e+00
6.743164062500000000e-01 -2.611328125000000000e+00 1.000000000000000000e+00
-7.241210937500000000e-01 -6.826171875000000000e-01 1.000000000000000000e+00
-1.076049804687500000e-01 2.064514160156250000e-02 1.000000000000000000e+00
9.746093750000000000e-01 2.539062500000000000e+00 1.000000000000000000e+00
6.391601562500000000e-01 -1.639648437500000000e+00 1.000000000000000000e+00
-1.019897460937500000e-01 -7.138671875000000000e-01 1.000000000000000000e+00
-4.682617187500000000e-01 -1.937866210937500000e-02 1.000000000000000000e+00
-2.810058593750000000e-01 -1.584472656250000000e-01 1.000000000000000000e+00
-1.269531250000000000e-01 1.938476562500000000e+00 1.000000000000000000e+00
4.667968750000000000e-01 8.325195312500000000e-01 1.000000000000000000e+00
-4.780273437500000000e-01 5.200195312500000000e-01 1.000000000000000000e+00
9.296875000000000000e-01 5.205078125000000000e-01 1.000000000000000000e+00
-6.059570312500000000e-01 2.710937500000000000e+00 1.000000000000000000e+00
-8.989257812500000000e-01 3.081054687500000000e-01 1.000000000000000000e+00
-2.929687500000000000e-01 -3.420410156250000000e-01 1.000000000000000000e+00
2.398437500000000000e+00 6.274414062500000000e-01 1.000000000000000000e+00
4.892578125000000000e-01 -1.309814453125000000e-01 1.000000000000000000e+00
-1.505859375000000000e+00 -6.132812500000000000e-01 1.000000000000000000e+00
-9.648437500000000000e-01 5.747070312500000000e-01 1.000000000000000000e+00
-6.616210937500000000e-01 -5.566406250000000000e-01 1.000000000000000000e+00
-8.715820312500000000e-01 -7.207031250000000000e-01 1.000000000000000000e+00
8.331298828125000000e-02 2.948760986328125000e-03 1.000000000000000000e+00
1.458984375000000000e+00 -7.946777343750000000e-02 1.000000000000000000e+00
-9.267578125000000000e-01 8.159179687500000000e-01 1.000000000000000000e+00
8.813476562500000000e-01 4.028320312500000000e-01 1.000000000000000000e+00
6.333007812500000000e-01 -1.447265625000000000e+00 1.000000000000000000e+00
-3.796386718750000000e-01 1.639404296875000000e-01 1.000000000000000000e+00
-2.699279785156250000e-02 -2.898437500000000000e+00 1.000000000000000000e+00
-1.529541015625000000e-01 -6.967773437500000000e-01 1.000000000000000000e+00
1.301757812500000000e+00 5.581054687500000000e-01 1.000000000000000000e+00
2.496337890625000000e-01 -1.007812500000000000e+00 1.000000000000000000e+00
-4.843750000000000000e-01 -1.630859375000000000e-01 1.000000000000000000e+00
-9.189453125000000000e-01 2.976562500000000000e+00 1.000000000000000000e+00
-1.074218750000000000e+00 1.048828125000000000e+00 1.000000000000000000e+00
2.015625000000000000e+00 -6.147460937500000000e-01 1.000000000000000000e+00
1.583984375000000000e+00 1.931640625000000000e+00 1.000000000000000000e+00
2.174072265625000000e-01 2.830505371093750000e-02 1.000000000000000000e+00
-1.501464843750000000e-01 2.552734375000000000e+00 1.000000000000000000e+00
-1.834960937500000000e+00 -1.022460937500000000e+00 1.000000000000000000e+00
1.032226562500000000e+00 1.127929687500000000e+00 1.000000000000000000e+00
9.594726562500000000e-01 -1.567382812500000000e+00 1.000000000000000000e+00
1.165161132812500000e-01 8.374023437500000000e-01 1.000000000000000000e+00
6.474609375000000000e-01 -2.766113281250000000e-01 1.000000000000000000e+00
-1.201171875000000000e+00 1.604492187500000000e+00 1.000000000000000000e+00
4.543457031250000000e-01 -1.172851562500000000e+00 1.000000000000000000e+00
-8.344726562500000000e-01 2.750000000000000000e+00 1.000000000000000000e+00
-6.811523437500000000e-01 -4.057617187500000000e-01 1.000000000000000000e+00
5.927734375000000000e-01 -1.317382812500000000e+00 1.000000000000000000e+00
7.255859375000000000e-01 5.253906250000000000e-01 1.000000000000000000e+00
5.478515625000000000e-01 1.535644531250000000e-01 1.000000000000000000e+00
-1.325195312500000000e+00 2.193359375000000000e+00 1.000000000000000000e+00
1.388671875000000000e+00 -9.189453125000000000e-01 1.000000000000000000e+00
2.844238281250000000e-01 -6.137695312500000000e-01 1.000000000000000000e+00
-4.516601562500000000e-01 1.645507812500000000e-01 1.000000000000000000e+00
-1.539062500000000000e+00 1.280273437500000000e+00 1.000000000000000000e+00
-1.301757812500000000e+00 -7.919921875000000000e-01 1.000000000000000000e+00
-3.066406250000000000e-01 -1.098632812500000000e+00 1.000000000000000000e+00
1.773437500000000000e+00 9.169921875000000000e-01 1.000000000000000000e+00
-2.722167968750000000e-01 1.454101562500000000e+00 1.000000000000000000e+00
-5.463867187500000000e-01 1.799316406250000000e-01 1.000000000000000000e+00
2.301025390625000000e-01 -1.064300537109375000e-02 1.000000000000000000e+00
-7.065429687500000000e-01 1.123046875000000000e+00 1.000000000000000000e+00
-2.902343750000000000e+00 9.282226562500000000e-01 1.000000000000000000e+00
3.435058593750000000e-01 -1.129150390625000000e-01 1.000000000000000000e+00
-4.931640625000000000e-01 2.113281250000000000e+00 1.000000000000000000e+00
3.874511718750000000e-01 -1.679687500000000000e+00 1.000000000000000000e+00
1.251953125000000000e+00 -1.025390625000000000e+00 1.000000000000000000e+00
1.017578125000000000e+00 -1.400390625000000000e+00 1.000000000000000000e+00
1.224365234375000000e-01 -1.112670898437500000e-01 1.000000000000000000e+00
4.291992187500000000e-01 4.294433593750000000e-01 1.000000000000000000e+00
-1.107421875000000000e+00 4.333496093750000000e-01 1.000000000000000000e+00
6.821289062500000000e-01 1.020507812500000000e+00 1.000000000000000000e+00
-8.325195312500000000e-01 1.354980468750000000e-01 1.000000000000000000e+00
-1.420898437500000000e+00 1.083007812500000000e+00 1.000000000000000000e+00
1.002929687500000000e+00 -4.802246093750000000e-01 1.000000000000000000e+00
3.010253906250000000e-01 -3.720703125000000000e-01 1.000000000000000000e+00
1.817382812500000000e+00 -1.734375000000000000e+00 1.000000000000000000e+00
4.440917968750000000e-01 9.301757812500000000e-02 1.000000000000000000e+00
-8.281250000000000000e-01 -9.838867187500000000e-02 1.000000000000000000e+00
2.078125000000000000e+00 -1.186523437500000000e+00 1.000000000000000000e+00
1.408691406250000000e-01 -2.189453125000000000e+00 1.000000000000000000e+00
-1.182617187500000000e+00 -3.859863281250000000e-01 1.000000000000000000e+00
4.531860351562500000e-02 -7.290039062500000000e-01 1.000000000000000000e+00
-1.840820312500000000e+00 5.888671875000000000e-01 1.000000000000000000e+00
-3.928222656250000000e-01 -7.299804687500000000e-01 1.000000000000000000e+00
-1.508789062500000000e+00 5.585937500000000000e-01 1.000000000000000000e+00
-2.003173828125000000e-01 -7.084960937500000000e-01 1.000000000000000000e+00
-1.812500000000000000e+00 -1.236572265625000000e-01 1.000000000000000000e+00
-1.666992187500000000e+00 4.868164062500000000e-01 1.000000000000000000e+00
-4.140625000000000000e-01 2.123046875000000000e+00 1.000000000000000000e+00
-2.419921875000000000e+00 1.344726562500000000e+00 1.000000000000000000e+00
-7.807617187500000000e-01 -4.311523437500000000e-01 1.000000000000000000e+00
1.356201171875000000e-01 6.430664062500000000e-01 1.000000000000000000e+00
-6.806640625000000000e-01 -3.884887695312500000e-02 1.000000000000000000e+00
4.953613281250000000e-01 5.214843750000000000e-01 1.000000000000000000e+00
-3.396606445312500000e-02 7.366943359375000000e-02 1.000000000000000000e+00
1.002929687500000000e+00 -1.110229492187500000e-01 1.000000000000000000e+00
7.031250000000000000e-01 -1.001953125000000000e+00 1.000000000000000000e+00
1.251953125000000000e+00 1.175781250000000000e+00 1.000000000000000000e+00
8.256835937500000000e-01 1.583251953125000000e-01 1.000000000000000000e+00
-3.383789062500000000e-01 -1.236328125000000000e+00 1.000000000000000000e+00
-9.882812500000000000e-01 8.315429687500000000e-01 1.000000000000000000e+00
-1.874023437500000000e+00 1.601562500000000000e+00 1.000000000000000000e+00
5.034179687500000000e-01 -9.746093750000000000e-01 1.000000000000000000e+00
2.236328125000000000e+00 -6.850585937500000000e-01 1.000000000000000000e+00
-9.550781250000000000e-01 2.075195312500000000e-01 1.000000000000000000e+00
8.950195312500000000e-01 1.936035156250000000e-01 1.000000000000000000e+00
-7.690429687500000000e-01 -2.107421875000000000e+00 1.000000000000000000e+00
-1.124023437500000000e+00 -9.355468750000000000e-01 1.000000000000000000e+00
5.356445312500000000e-01 2.668457031250000000e-01 1.000000000000000000e+00
2.865234375000000000e+00 -2.830505371093750000e-02 1.000000000000000000e+00
-8.276367187500000000e-01 -1.483398437500000000e+00 1.000000000000000000e+00
1.620117187500000000e+00 1.060546875000000000e+00 1.000000000000000000e+00
8.886718750000000000e-01 3.686523437500000000e-01 1.000000000000000000e+00
-6.464843750000000000e-01 1.852416992187500000e-02 1.000000000000000000e+00
1.362304687500000000e+00 -1.353515625000000000e+00 1.000000000000000000e+00
4.948730468750000000e-01 -2.333984375000000000e-01 1.000000000000000000e+00
4.890136718750000000e-01 1.284179687500000000e+00 1.000000000000000000e+00
-6.826171875000000000e-01 2.636718750000000000e-01 1.000000000000000000e+00
-1.622070312500000000e+00 2.375000000000000000e+00 1.000000000000000000e+00
-1.107421875000000000e+00 -1.067382812500000000e+00 1.000000000000000000e+00
3.339843750000000000e-01 7.299804687500000000e-01 1.000000000000000000e+00
-6.328125000000000000e-01 -1.066406250000000000e+00 1.000000000000000000e+00
-6.049804687500000000e-01 5.214843750000000000e-01 1.000000000000000000e+00
1.604492187500000000e+00 7.558593750000000000e-01 1.000000000000000000e+00
-1.010742187500000000e+00 -2.888183593750000000e-01 1.000000000000000000e+00
9.150390625000000000e-01 1.621093750000000000e-01 1.000000000000000000e+00
-2.083984375000000000e+00 4.221191406250000000e-01 1.000000000000000000e+00
8.618164062500000000e-01 4.365234375000000000e-01 1.000000000000000000e+00
1.096679687500000000e+00 1.079101562500000000e+00 1.000000000000000000e+00
-1.264648437500000000e+00 1.942382812500000000e+00 1.000000000000000000e+00
-3.884887695312500000e-02 -2.191162109375000000e-01 1.000000000000000000e+00
3.674316406250000000e-01 -7.060546875000000000e-01 1.000000000000000000e+00
-2.228515625000000000e+00 1.146850585937500000e-01 1.000000000000000000e+00
-1.303710937500000000e+00 -1.527099609375000000e-01 1.000000000000000000e+00
6.777343750000000000e-01 -1.785156250000000000e+00 1.000000000000000000e+00
-3.315429687500000000e-01 1.351562500000000000e+00 1.000000000000000000e+00
-2.035156250000000000e+00 6.640625000000000000e-01 1.000000000000000000e+00
8.217773437500000000e-01 6.499023437500000000e-01 1.000000000000000000e+00
-1.563476562500000000e+00 -1.756835937500000000e+00 1.000000000000000000e+00
3.786621093750000000e-01 1.729492187500000000e+00 1.000000000000000000e+00
-6.479492187500000000e-01 8.217773437500000000e-01 1.000000000000000000e+00
-1.413085937500000000e+00 1.501464843750000000e-01 1.000000000000000000e+00
-1.518554687500000000e+00 -3.935546875000000000e-01 1.000000000000000000e+00
-1.028320312500000000e+00 5.771484375000000000e-01 1.000000000000000000e+00
-8.945312500000000000e-01 -1.208496093750000000e-01 1.000000000000000000e+00
-1.587890625000000000e+00 -3.298339843750000000e-01 1.000000000000000000e+00
1.266601562500000000e+00 -7.695312500000000000e-01 1.000000000000000000e+00
-4.672851562500000000e-01 1.451416015625000000e-01 1.000000000000000000e+00
1.593017578125000000e-01 -2.871093750000000000e+00 1.000000000000000000e+00
2.279296875000000000e+00 -1.509765625000000000e+00 1.000000000000000000e+00
-1.532226562500000000e+00 4.824218750000000000e-01 1.000000000000000000e+00
4.477539062500000000e-01 -9.062500000000000000e-01 1.000000000000000000e+00
-2.263183593750000000e-01 6.079101562500000000e-01 1.000000000000000000e+00
5.913085937500000000e-01 -4.846191406250000000e-01 1.000000000000000000e+00
1.497802734375000000e-01 -4.753417968750000000e-01 1.000000000000000000e+00
4.995117187500000000e-01 6.767578125000000000e-01 1.000000000000000000e+00
8.354492187500000000e-01 7.525634765625000000e-02 1.000000000000000000e+00
1.210937500000000000e+00 3.656250000000000000e+00 1.000000000000000000e+00
-4.453125000000000000e+00 2.296142578125000000e-01 1.000000000000000000e+00
-4.070312500000000000e+00 -1.520507812500000000e+00 1.000000000000000000e+00
5.214843750000000000e-01 -3.802734375000000000e+00 1.000000000000000000e+00
-3.060546875000000000e+00 -4.363281250000000000e+00 1.000000000000000000e+00
-4.480468750000000000e+00 -3.046875000000000000e-01 1.000000000000000000e+00
-4.546875000000000000e+00 -1.898437500000000000e+00 1.000000000000000000e+00
4.605468750000000000e+00 1.807861328125000000e-01 1.000000000000000000e+00
-1.214843750000000000e+00 4.894531250000000000e+00 1.000000000000000000e+00
-1.900634765625000000e-01 4.546875000000000000e+00 1.000000000000000000e+00
2.937500000000000000e+00 -2.472656250000000000e+00 1.000000000000000000e+00
-1.708007812500000000e+00 4.042968750000000000e+00 1.000000000000000000e+00
-4.585937500000000000e+00 -1.714843750000000000e+00 1.000000000000000000e+00
-2.921875000000000000e+00 -4.094238281250000000e-01 1.000000000000000000e+00
7.763671875000000000e-01 4.527343750000000000e+00 1.000000000000000000e+00
2.791015625000000000e+00 2.154296875000000000e+00 1.000000000000000000e+00
-1.768554687500000000e+00 3.234375000000000000e+00 1.000000000000000000e+00
-2.123046875000000000e+00 -3.511718750000000000e+00 1.000000000000000000e+00
-3.677734375000000000e+00 -3.369140625000000000e+00 1.000000000000000000e+00
1.450195312500000000e+00 2.775390625000000000e+00 1.000000000000000000e+00
2.871093750000000000e+00 -2.996093750000000000e+00 1.000000000000000000e+00
-4.433593750000000000e+00 1.260742187500000000e+00 1.000000000000000000e+00
1.705078125000000000e+00 3.662109375000000000e+00 1.000000000000000000e+00
-1.518554687500000000e-01 5.183593750000000000e+00 1.000000000000000000e+00
8.710937500000000000e-01 4.582031250000000000e+00 1.000000000000000000e+00
3.500000000000000000e+00 -2.292968750000000000e+00 1.000000000000000000e+00
4.441406250000000000e+00 -6.445312500000000000e-02 1.000000000000000000e+00
-1.034179687500000000e+00 3.787109375000000000e+00 1.000000000000000000e+00
-4.734375000000000000e+00 1.612548828125000000e-01 1.000000000000000000e+00
4.078125000000000000e+00 -1.172851562500000000e+00 1.000000000000000000e+00
-2.126953125000000000e+00 -3.376953125000000000e+00 1.000000000000000000e+00
3.001953125000000000e+00 -3.525390625000000000e+00 1.000000000000000000e+00
1.800781250000000000e+00 4.355468750000000000e+00 1.000000000000000000e+00
3.968750000000000000e+00 8.437500000000000000e-01 1.000000000000000000e+00
3.720703125000000000e+00 -1.466796875000000000e+00 1.000000000000000000e+00
-2.621093750000000000e+00 3.294921875000000000e+00 1.000000000000000000e+00
-4.398437500000000000e+00 -7.963867187500000000e-01 1.000000000000000000e+00
2.718750000000000000e+00 -2.396484375000000000e+00 1.000000000000000000e+00
-3.621093750000000000e+00 2.039062500000000000e+00 1.000000000000000000e+00
3.109375000000000000e+00 3.240234375000000000e+00 1.000000000000000000e+00
-7.778320312500000000e-01 3.625000000000000000e+00 1.000000000000000000e+00
4.691406250000000000e+00 -2.667968750000000000e+00 1.000000000000000000e+00
-4.246093750000000000e+00 -5.410156250000000000e-01 1.000000000000000000e+00
-1.684570312500000000e+00 -3.785156250000000000e+00 1.000000000000000000e+00
-7.895507812500000000e-01 3.591796875000000000e+00 1.000000000000000000e+00
-9.257812500000000000e-01 -3.996093750000000000e+00 1.000000000000000000e+00
-4.082031250000000000e+00 -1.732421875000000000e+00 1.000000000000000000e+00
4.437500000000000000e+00 -8.159179687500000000e-01 1.000000000000000000e+00
4.945312500000000000e+00 1.001953125000000000e+00 1.000000000000000000e+00
-1.560546875000000000e+00 -4.562500000000000000e+00 1.000000000000000000e+00
1.382812500000000000e+00 4.894531250000000000e+00 1.000000000000000000e+00
3.474609375000000000e+00 -1.431640625000000000e+00 1.000000000000000000e+00
2.884765625000000000e+00 4.035156250000000000e+00 1.000000000000000000e+00
-2.056640625000000000e+00 -4.082031250000000000e+00 1.000000000000000000e+00
-3.386718750000000000e+00 3.815917968750000000e-01 1.000000000000000000e+00
4.167480468750000000e-01 -4.648437500000000000e+00 1.000000000000000000e+00
-1.106445312500000000e+00 3.851562500000000000e+00 1.000000000000000000e+00
-4.375000000000000000e+00 2.244140625000000000e+00 1.000000000000000000e+00
2.968750000000000000e+00 -3.869140625000000000e+00 1.000000000000000000e+00
2.328125000000000000e+00 -3.433593750000000000e+00 1.000000000000000000e+00
-2.599609375000000000e+00 -4.558593750000000000e+00 1.000000000000000000e+00
4.601562500000000000e+00 -2.154541015625000000e-02 1.000000000000000000e+00
-1.244140625000000000e+00 -4.171875000000000000e+00 1.000000000000000000e+00
3.992187500000000000e+00 5.512695312500000000e-01 1.000000000000000000e+00
6.196289062500000000e-01 -5.078125000000000000e+00 1.000000000000000000e+00
1.348632812500000000e+00 3.941406250000000000e+00 1.000000000000000000e+00
-9.482421875000000000e-01 3.726562500000000000e+00 1.000000000000000000e+00
-1.906250000000000000e+00 4.292968750000000000e+00 1.000000000000000000e+00
4.851562500000000000e+00 -1.809570312500000000e+00 1.000000000000000000e+00
2.134765625000000000e+00 -4.261718750000000000e+00 1.000000000000000000e+00
2.416015625000000000e+00 4.468750000000000000e+00 1.000000000000000000e+00
4.449218750000000000e+00 -2.128906250000000000e+00 1.000000000000000000e+00
3.250000000000000000e+00 3.166015625000000000e+00 1.000000000000000000e+00
-3.523437500000000000e+00 -2.802734375000000000e+00 1.000000000000000000e+00
-8.198242187500000000e-01 3.560546875000000000e+00 1.000000000000000000e+00
3.333984375000000000e+00 2.524414062500000000e-01 1.000000000000000000e+00
3.544921875000000000e+00 -3.061523437500000000e-01 1.000000000000000000e+00
-2.212890625000000000e+00 -4.230468750000000000e+00 1.000000000000000000e+00
2.103515625000000000e+00 -3.722656250000000000e+00 1.000000000000000000e+00
-2.431640625000000000e+00 -2.685546875000000000e+00 1.000000000000000000e+00
3.703125000000000000e+00 4.155273437500000000e-01 1.000000000000000000e+00
-3.285156250000000000e+00 -1.457031250000000000e+00 1.000000000000000000e+00
5.191040039062500000e-02 4.265625000000000000e+00 1.000000000000000000e+00
-4.388427734375000000e-02 3.191406250000000000e+00 1.000000000000000000e+00
-7.944335937500000000e-01 -4.488281250000000000e+00 1.000000000000000000e+00
-4.046875000000000000e+00 2.386718750000000000e+00 1.000000000000000000e+00
4.175781250000000000e+00 -1.235351562500000000e+00 1.000000000000000000e+00
-1.201171875000000000e+00 3.693359375000000000e+00 1.000000000000000000e+00
1.223632812500000000e+00 3.082031250000000000e+00 1.000000000000000000e+00
2.777343750000000000e+00 4.742187500000000000e+00 1.000000000000000000e+00
-4.617187500000000000e+00 -2.806640625000000000e+00 1.000000000000000000e+00
-2.132812500000000000e+00 -4.085937500000000000e+00 1.000000000000000000e+00
-2.863281250000000000e+00 -1.301757812500000000e+00 1.000000000000000000e+00
2.670898437500000000e-01 4.386718750000000000e+00 1.000000000000000000e+00
3.320312500000000000e+00 3.052734375000000000e+00 1.000000000000000000e+00
-5.445312500000000000e+00 -1.509765625000000000e+00 1.000000000000000000e+00
6.430664062500000000e-01 4.015625000000000000e+00 1.000000000000000000e+00
-2.402343750000000000e+00 -2.806640625000000000e+00 1.000000000000000000e+00
2.320312500000000000e+00 2.267578125000000000e+00 1.000000000000000000e+00
-3.873046875000000000e+00 2.925781250000000000e+00 1.000000000000000000e+00
-2.468750000000000000e+00 2.199218750000000000e+00 1.000000000000000000e+00
3.927734375000000000e+00 2.175781250000000000e+00 1.000000000000000000e+00
-2.974609375000000000e+00 -4.480468750000000000e+00 1.000000000000000000e+00
-4.011718750000000000e+00 -8.183593750000000000e-01 1.000000000000000000e+00
-1.346679687500000000e+00 4.660156250000000000e+00 1.000000000000000000e+00
7.612304687500000000e-01 -3.029296875000000000e+00 1.000000000000000000e+00
-4.203125000000000000e+00 -4.492187500000000000e-01 1.000000000000000000e+00
-5.761718750000000000e-01 4.593750000000000000e+00 1.000000000000000000e+00
4.449218750000000000e+00 -4.689941406250000000e-01 1.000000000000000000e+00
-2.837890625000000000e+00 3.957031250000000000e+00 1.000000000000000000e+00
-1.125000000000000000e+00 -3.916015625000000000e+00 1.000000000000000000e+00
4.128906250000000000e+00 3.007812500000000000e+00 1.000000000000000000e+00
3.181640625000000000e+00 3.879394531250000000e-01 1.000000000000000000e+00
-1.939453125000000000e+00 -3.957031250000000000e+00 1.000000000000000000e+00
5.296875000000000000e+00 6.220703125000000000e-01 1.000000000000000000e+00
3.677734375000000000e+00 1.684570312500000000e+00 1.000000000000000000e+00
-2.453125000000000000e+00 -4.027343750000000000e+00 1.000000000000000000e+00
-7.070312500000000000e-01 -3.677734375000000000e+00 1.000000000000000000e+00
1.595703125000000000e+00 3.025390625000000000e+00 1.000000000000000000e+00
4.066406250000000000e+00 4.372558593750000000e-01 1.000000000000000000e+00
-3.691406250000000000e+00 -1.256835937500000000e+00 1.000000000000000000e+00
3.492187500000000000e+00 2.562500000000000000e+00 1.000000000000000000e+00
-1.345703125000000000e+00 -5.074218750000000000e+00 1.000000000000000000e+00
-4.277343750000000000e+00 7.124023437500000000e-01 1.000000000000000000e+00
-4.218750000000000000e+00 5.454101562500000000e-01 1.000000000000000000e+00
4.660156250000000000e+00 2.964843750000000000e+00 1.000000000000000000e+00
-3.283203125000000000e+00 2.119140625000000000e+00 1.000000000000000000e+00
4.105468750000000000e+00 2.259765625000000000e+00 1.000000000000000000e+00
3.630859375000000000e+00 -1.457031250000000000e+00 1.000000000000000000e+00
3.890625000000000000e+00 -2.600097656250000000e-01 1.000000000000000000e+00
-2.498046875000000000e+00 3.181640625000000000e+00 1.000000000000000000e+00
2.599609375000000000e+00 -3.435546875000000000e+00 1.000000000000000000e+00
1.212890625000000000e+00 4.562500000000000000e+00 1.000000000000000000e+00
-4.480468750000000000e+00 2.166015625000000000e+00 1.000000000000000000e+00
8.579101562500000000e-01 3.945312500000000000e+00 1.000000000000000000e+00
-5.190429687500000000e-01 -4.402343750000000000e+00 1.000000000000000000e+00
1.865234375000000000e-01 -5.398437500000000000e+00 1.000000000000000000e+00
2.492187500000000000e+00 -4.332031250000000000e+00 1.000000000000000000e+00
4.736328125000000000e-01 -4.273437500000000000e+00 1.000000000000000000e+00
-3.839843750000000000e+00 -6.337890625000000000e-01 1.000000000000000000e+00
4.558593750000000000e+00 -3.171875000000000000e+00 1.000000000000000000e+00
3.283691406250000000e-01 -5.105468750000000000e+00 1.000000000000000000e+00
3.685546875000000000e+00 9.296875000000000000e-01 1.000000000000000000e+00
3.937988281250000000e-01 -5.101562500000000000e+00 1.000000000000000000e+00
4.253906250000000000e+00 4.109375000000000000e+00 1.000000000000000000e+00
-2.048828125000000000e+00 3.919921875000000000e+00 1.000000000000000000e+00
-3.832031250000000000e+00 -2.232421875000000000e+00 1.000000000000000000e+00
-4.550781250000000000e+00 -3.112792968750000000e-01 1.000000000000000000e+00
3.623046875000000000e+00 -1.195312500000000000e+00 1.000000000000000000e+00
-4.820312500000000000e+00 3.031250000000000000e+00 1.000000000000000000e+00
3.767578125000000000e+00 -1.415039062500000000e+00 1.000000000000000000e+00
-3.406250000000000000e+00 9.731445312500000000e-01 1.000000000000000000e+00
-4.394531250000000000e-01 4.085937500000000000e+00 1.000000000000000000e+00
-4.599609375000000000e-01 4.222656250000000000e+00 1.000000000000000000e+00
4.765625000000000000e+00 2.330078125000000000e+00 1.000000000000000000e+00
3.654296875000000000e+00 -8.886718750000000000e-01 1.000000000000000000e+00
-2.814453125000000000e+00 -3.769531250000000000e+00 1.000000000000000000e+00
3.648437500000000000e+00 -1.847656250000000000e+00 1.000000000000000000e+00
2.681640625000000000e+00 2.019531250000000000e+00 1.000000000000000000e+00
-3.021484375000000000e+00 -4.351562500000000000e+00 1.000000000000000000e+00
3.919921875000000000e+00 1.788085937500000000e+00 1.000000000000000000e+00
2.496093750000000000e+00 -2.183593750000000000e+00 1.000000000000000000e+00
-5.074218750000000000e+00 1.540039062500000000e+00 1.000000000000000000e+00
-9.687500000000000000e-01 -4.648437500000000000e+00 1.000000000000000000e+00
6.528320312500000000e-01 -3.027343750000000000e+00 1.000000000000000000e+00
-3.730468750000000000e+00 3.654296875000000000e+00 1.000000000000000000e+00
3.007812500000000000e+00 -2.029296875000000000e+00 1.000000000000000000e+00
2.416015625000000000e+00 4.011718750000000000e+00 1.000000000000000000e+00
3.093750000000000000e+00 -1.426757812500000000e+00 1.000000000000000000e+00
3.824218750000000000e+00 -3.140625000000000000e+00 1.000000000000000000e+00
3.025390625000000000e+00 3.781250000000000000e+00 1.000000000000000000e+00
-3.763671875000000000e+00 -2.638671875000000000e+00 1.000000000000000000e+00
1.301757812500000000e+00 3.515625000000000000e+00 1.000000000000000000e+00
1.941406250000000000e+00 -4.449218750000000000e+00 1.000000000000000000e+00
4.316406250000000000e+00 -2.824218750000000000e+00 1.000000000000000000e+00
-1.055664062500000000e+00 -4.234375000000000000e+00 1.000000000000000000e+00
5.371093750000000000e+00 4.943847656250000000e-02 1.000000000000000000e+00
-1.041992187500000000e+00 5.128906250000000000e+00 1.000000000000000000e+00
-3.623046875000000000e-01 3.830078125000000000e+00 1.000000000000000000e+00
2.048828125000000000e+00 2.185546875000000000e+00 1.000000000000000000e+00
-2.349609375000000000e+00 3.523437500000000000e+00 1.000000000000000000e+00
-7.182617187500000000e-01 -5.214843750000000000e+00 1.000000000000000000e+00
-3.634765625000000000e+00 3.105468750000000000e+00 1.000000000000000000e+00
-4.445312500000000000e+00 -7.622070312500000000e-01 1.000000000000000000e+00
3.585937500000000000e+00 -2.035156250000000000e+00 1.000000000000000000e+00
-4.007812500000000000e+00 -2.742187500000000000e+00 1.000000000000000000e+00
-2.808593750000000000e+00 3.712890625000000000e+00 1.000000000000000000e+00
-8.813476562500000000e-01 4.246093750000000000e+00 1.000000000000000000e+00
-2.416015625000000000e+00 4.351562500000000000e+00 1.000000000000000000e+00
9.086914062500000000e-01 4.171875000000000000e+00 1.000000000000000000e+00
4.031250000000000000e+00 -1.307617187500000000e+00 1.000000000000000000e+00
-2.500000000000000000e+00 2.857421875000000000e+00 1.000000000000000000e+00
-2.720703125000000000e+00 3.126953125000000000e+00 1.000000000000000000e+00
4.648437500000000000e+00 1.833984375000000000e+00 1.000000000000000000e+00
-2.726562500000000000e+00 2.031250000000000000e+00 1.000000000000000000e+00
-3.597656250000000000e+00 -3.974609375000000000e+00 1.000000000000000000e+00
-3.582031250000000000e+00 -1.061523437500000000e+00 1.000000000000000000e+00
3.564453125000000000e+00 2.402343750000000000e+00 1.000000000000000000e+00
4.121093750000000000e+00 1.406250000000000000e+00 1.000000000000000000e+00
-3.427734375000000000e+00 2.960937500000000000e+00 1.000000000000000000e+00
-2.875000000000000000e+00 -2.759765625000000000e+00 1.000000000000000000e+00
-1.447265625000000000e+00 -3.142578125000000000e+00 1.000000000000000000e+00
-3.546875000000000000e+00 2.425781250000000000e+00 1.000000000000000000e+00
1.015625000000000000e+00 4.503906250000000000e+00 1.000000000000000000e+00
-3.562500000000000000e+00 8.906250000000000000e-01 1.000000000000000000e+00
3.980468750000000000e+00 -1.978515625000000000e+00 1.000000000000000000e+00
3.326171875000000000e+00 -3.542968750000000000e+00 1.000000000000000000e+00
-3.318359375000000000e+00 6.391601562500000000e-01 1.000000000000000000e+00
-4.109375000000000000e+00 -1.063476562500000000e+00 1.000000000000000000e+00
-3.869140625000000000e+00 -1.696289062500000000e+00 1.000000000000000000e+00
1.291015625000000000e+00 4.093750000000000000e+00 1.000000000000000000e+00
-3.755859375000000000e+00 -2.441406250000000000e+00 1.000000000000000000e+00
-5.351562500000000000e+00 1.864013671875000000e-01 1.000000000000000000e+00
-1.326171875000000000e+00 -3.615234375000000000e+00 1.000000000000000000e+00
3.001953125000000000e+00 -2.644531250000000000e+00 1.000000000000000000e+00
1.930236816406250000e-02 -4.742187500000000000e+00 1.000000000000000000e+00
2.244140625000000000e+00 -3.708984375000000000e+00 1.000000000000000000e+00
-4.261718750000000000e+00 -6.025390625000000000e-01 1.000000000000000000e+00
-3.988281250000000000e+00 -3.413085937500000000e-01 1.000000000000000000e+00
5.541992187500000000e-01 -4.808593750000000000e+00 1.000000000000000000e+00
6.391601562500000000e-01 -4.207031250000000000e+00 1.000000000000000000e+00
-8.842773437500000000e-01 4.085937500000000000e+00 1.000000000000000000e+00
-1.843750000000000000e+00 3.357421875000000000e+00 1.000000000000000000e+00
-2.312500000000000000e+00 2.402343750000000000e+00 1.000000000000000000e+00
-3.574218750000000000e+00 -1.194000244140625000e-02 1.000000000000000000e+00
3.820312500000000000e+00 3.681640625000000000e+00 1.000000000000000000e+00
-2.625000000000000000e+00 3.625000000000000000e+00 1.000000000000000000e+00
-4.347656250000000000e+00 9.340820312500000000e-01 1.000000000000000000e+00
3.013671875000000000e+00 -8.242187500000000000e-01 1.000000000000000000e+00
1.929687500000000000e+00 -3.701171875000000000e+00 1.000000000000000000e+00
2.571105957031250000e-02 4.046875000000000000e+00 1.000000000000000000e+00
-4.437500000000000000e+00 1.909179687500000000e+00 1.000000000000000000e+00
-8.081054687500000000e-01 -3.708984375000000000e+00 1.000000000000000000e+00
-2.679687500000000000e+00 1.806640625000000000e+00 1.000000000000000000e+00
1.414062500000000000e+00 5.445312500000000000e+00 1.000000000000000000e+00
-4.222656250000000000e+00 3.898925781250000000e-01 1.000000000000000000e+00
4.613281250000000000e+00 9.526367187500000000e-01 1.000000000000000000e+00
3.714843750000000000e+00 1.724609375000000000e+00 1.000000000000000000e+00
3.562500000000000000e+00 -2.221679687500000000e-01 1.000000000000000000e+00
4.640625000000000000e+00 1.357421875000000000e+00 1.000000000000000000e+00
-4.514160156250000000e-01 5.031250000000000000e+00 1.000000000000000000e+00
2.529296875000000000e+00 -2.724609375000000000e+00 1.000000000000000000e+00
2.494140625000000000e+00 3.265625000000000000e+00 1.000000000000000000e+00
3.367187500000000000e+00 1.194335937500000000e+00 1.000000000000000000e+00
-2.744140625000000000e+00 -3.900390625000000000e+00 1.000000000000000000e+00
4.324218750000000000e+00 3.027343750000000000e+00 1.000000000000000000e+00
3.490234375000000000e+00 -3.570312500000000000e+00 1.000000000000000000e+00
-4.246093750000000000e+00 -1.500000000000000000e+00 1.000000000000000000e+00
-4.035156250000000000e+00 -2.986328125000000000e+00 1.000000000000000000e+00
-4.753906250000000000e+00 -3.454589843750000000e-01 1.000000000000000000e+00
